filename	read_id	run_id	batch_id	channel	mux	start_time	duration	num_events	passes_filtering	template_start	num_events_template	template_duration	sequence_length_template	mean_qscore_template	strand_score_template	median_template	mad_template	scaling_median_template	scaling_mad_template
subset.fast5	038cde8f-1602-4313-8f57-32e785579456	6a94eb36563a9975b38e81c41534f6590c24867c	0	64	1	26630.944000	27.939750	22351	TRUE	26630.944000	22351	27.939750	10700	11.959104	3.163234	74.270287	9.902705	74.270287	9.902705
subset.fast5	03f642cc-b768-411a-af5d-31bbb14223ac	6a94eb36563a9975b38e81c41534f6590c24867c	0	26	1	6719.690250	35.098250	28078	TRUE	6719.725250	28050	35.063250	12775	10.936032	3.098715	77.099632	9.195369	77.099632	9.195369
subset.fast5	06847f66-d8f6-484a-b3fa-5df94fec3cce	6a94eb36563a9975b38e81c41534f6590c24867c	0	27	1	20038.828250	22.395750	17916	TRUE	20038.883250	17872	22.340750	8659	13.971314	3.214366	71.794609	9.549037	71.794609	9.549037
subset.fast5	07d84ac7-134c-4d29-943c-6e45f7d8eac5	6a94eb36563a9975b38e81c41534f6590c24867c	0	104	1	83354.819000	38.948750	31159	TRUE	83354.856500	31129	38.911250	12839	13.488921	3.054324	75.331291	9.725871	75.331291	9.725871
subset.fast5	102b6536-5741-4bcd-b490-8b71b5b19a6e	6a94eb36563a9975b38e81c41534f6590c24867c	0	111	1	41096.532000	34.819500	27855	TRUE	41096.578250	27818	34.773250	12912	14.534135	3.176506	67.373764	9.195369	67.373764	9.195369
subset.fast5	206d384d-0604-456a-a2ff-62adfe855045	6a94eb36563a9975b38e81c41534f6590c24867c	0	54	1	13854.805500	32.155000	25724	TRUE	13854.849250	25689	32.111250	12881	12.855183	3.238599	72.325111	9.725871	72.325111	9.725871
subset.fast5	07991533-d57c-4c62-b1a7-68d82b2ee857	6a94eb36563a9975b38e81c41534f6590c24867c	0	43	1	90653.516250	38.429250	30743	TRUE	90653.552500	30714	38.393000	8633	12.603055	2.727287	68.434761	9.018535	68.434761	9.018535
subset.fast5	09743e57-5208-4968-96d5-747d1f00345b	6a94eb36563a9975b38e81c41534f6590c24867c	0	76	1	48661.927750	37.424500	29939	TRUE	48661.966500	29908	37.385750	12888	13.411386	3.090991	65.782257	9.195369	65.782257	9.195369
subset.fast5	107695e0-ac56-426f-a9d0-770b55a8c37f	6a94eb36563a9975b38e81c41534f6590c24867c	0	83	1	27483.511250	34.417250	27533	TRUE	27483.531250	27517	34.397250	12904	13.791847	3.196156	71.794609	9.195369	71.794609	9.195369
subset.fast5	10eafb80-74d7-4701-9946-f5e61abb210c	6a94eb36563a9975b38e81c41534f6590c24867c	0	95	1	46170.488250	30.005000	24004	TRUE	46170.527000	23973	29.966250	8511	13.833700	2.910230	69.142097	9.725871	69.142097	9.725871
subset.fast5	121700ae-55b7-4b52-8ef3-798851a2a0cb	6a94eb36563a9975b38e81c41534f6590c24867c	0	64	1	40362.683000	48.211750	38569	TRUE	40362.696750	38558	48.198000	12867	13.021807	2.846051	73.032448	9.195369	73.032448	9.195369
subset.fast5	23ec180b-9eed-474d-b5dc-42e635ab1b43	6a94eb36563a9975b38e81c41534f6590c24867c	0	89	1	32362.047500	33.556750	26845	TRUE	32362.077500	26821	33.526750	12871	13.285237	3.210080	65.959091	8.841701	65.959091	8.841701
subset.fast5	2003dc5e-2e97-46aa-8411-d292d5431a3c	6a94eb36563a9975b38e81c41534f6590c24867c	0	9	1	6909.015000	31.995250	25596	TRUE	6909.048750	25569	31.961500	12756	12.704368	3.243315	71.794609	8.841701	71.794609	8.841701
subset.fast5	23a438cd-1b2e-4a8b-b207-c865ac3262e5	6a94eb36563a9975b38e81c41534f6590c24867c	0	71	1	49474.748000	43.070500	34456	TRUE	49474.780500	34430	43.038000	12946	14.006175	2.956320	71.794609	9.902705	71.794609	9.902705
subset.fast5	24be1341-4f9f-4236-ae67-ae33cfc250e8	6a94eb36563a9975b38e81c41534f6590c24867c	0	82	1	3859.854250	36.113500	28890	TRUE	3859.883000	28867	36.084750	12951	13.217088	3.144499	75.508125	9.195369	75.508125	9.195369
subset.fast5	2a43c88f-6ade-4e2f-9d90-414cf353fa05	6a94eb36563a9975b38e81c41534f6590c24867c	0	42	1	7561.073500	20.550750	16440	TRUE	7561.136000	16390	20.488250	9297	11.474943	3.306402	73.916618	8.841701	73.916618	8.841701
subset.fast5	346a7c8d-e552-4729-9597-7f971423541f	6a94eb36563a9975b38e81c41534f6590c24867c	0	16	1	39967.575500	32.874500	26299	TRUE	39967.585500	26291	32.864500	12840	11.288980	3.144500	70.556770	9.372203	70.556770	9.372203
subset.fast5	391e08cb-b2a2-467b-b8ec-d5ffe8798294	6a94eb36563a9975b38e81c41534f6590c24867c	0	16	1	57786.188500	38.178750	30543	TRUE	57786.226000	30513	38.141250	12855	14.024241	3.078632	70.026268	9.549037	70.026268	9.549037
subset.fast5	3d55c238-9715-44f2-989c-0313a317f35a	6a94eb36563a9975b38e81c41534f6590c24867c	0	42	1	26026.652250	31.013750	24811	TRUE	26026.669750	24797	30.996250	12807	10.460244	3.182182	74.447121	9.018535	74.447121	9.018535
subset.fast5	4fbd3a6f-8a20-4e78-b170-e5ca3e7ca992	6a94eb36563a9975b38e81c41534f6590c24867c	0	102	1	73228.395250	28.217500	22574	TRUE	73228.405250	22566	28.207500	9341	12.305058	3.023507	64.190750	9.195369	64.190750	9.195369
subset.fast5	5f4847e4-84b5-45e0-a693-81e3deffb9b9	6a94eb36563a9975b38e81c41534f6590c24867c	0	86	1	27408.390750	32.329500	25863	TRUE	27408.459500	25808	32.260750	12889	12.391680	3.229930	72.501945	9.018535	72.501945	9.018535
subset.fast5	63d8dcfe-cc82-4175-96d2-cf6d6ec0f391	6a94eb36563a9975b38e81c41534f6590c24867c	0	100	1	669.353500	21.022250	16817	TRUE	669.371000	16803	21.004750	8404	14.064954	3.291184	82.758324	10.256373	82.758324	10.256373
subset.fast5	30c63a5b-e3bc-4b98-baf8-c71f296689f4	6a94eb36563a9975b38e81c41534f6590c24867c	0	29	1	50294.793750	23.388000	18710	TRUE	50294.818750	18690	23.363000	8331	13.381889	3.106814	68.081093	9.372203	68.081093	9.372203
subset.fast5	32447853-f76e-4f59-951a-e08f6403555e	6a94eb36563a9975b38e81c41534f6590c24867c	0	75	1	9434.344500	29.889500	23911	TRUE	9434.377000	23885	29.857000	11530	14.269751	3.211240	70.379936	9.372203	70.379936	9.372203
subset.fast5	3562b387-26c5-4eb8-b537-aa8cfbd8395c	6a94eb36563a9975b38e81c41534f6590c24867c	0	56	1	12715.485500	32.374000	25899	TRUE	12715.506750	25882	32.352750	12854	13.519590	3.240295	72.148277	9.549037	72.148277	9.549037
subset.fast5	4187d1b1-637b-4b42-b982-b2e413adfc53	6a94eb36563a9975b38e81c41534f6590c24867c	0	54	1	1001.863500	24.422000	19537	TRUE	1001.896000	19511	24.389500	10567	14.272087	3.359941	76.038628	9.372203	76.038628	9.372203
subset.fast5	52a26500-98cd-44ba-bc35-15db1455a48d	6a94eb36563a9975b38e81c41534f6590c24867c	0	109	1	9750.432500	29.090250	23272	TRUE	9750.466250	23245	29.056500	12764	10.628840	3.281075	70.026268	8.664866	70.026268	8.664866
subset.fast5	5544dce5-e1dc-4863-b3c4-35aa0980c1a9	6a94eb36563a9975b38e81c41534f6590c24867c	0	31	1	57633.837000	44.331250	35465	TRUE	57633.867000	35441	44.301250	12751	11.684517	2.892370	71.617775	9.902705	71.617775	9.902705
subset.fast5	569d7cae-5520-4037-b129-c27b6a4e7a19	6a94eb36563a9975b38e81c41534f6590c24867c	0	16	1	1195.221500	32.131250	25705	TRUE	1195.264000	25671	32.088750	12837	13.526163	3.255432	76.745964	9.372203	76.745964	9.372203
subset.fast5	5863bfd3-03db-40b6-b9f9-da7e1970835b	6a94eb36563a9975b38e81c41534f6590c24867c	0	99	1	2343.021250	23.418750	18735	TRUE	2343.043750	18717	23.396250	9268	14.896129	3.265281	73.916618	9.018535	73.916618	9.018535
subset.fast5	694bb56d-c03e-4b03-92ab-81416dc85537	6a94eb36563a9975b38e81c41534f6590c24867c	0	111	1	12128.353500	48.337000	38669	TRUE	12128.403500	38629	48.287000	9329	13.609637	2.642541	65.782257	9.195369	65.782257	9.195369
subset.fast5	6b77aa0e-635d-42e4-8be0-735535f7aceb	6a94eb36563a9975b38e81c41534f6590c24867c	0	99	1	9492.745750	34.073000	27258	TRUE	9492.812000	27205	34.006750	12947	14.592852	3.223436	70.026268	9.018535	70.026268	9.018535
subset.fast5	728686fa-8675-4ae2-a6de-3ccbbd8cb17b	6a94eb36563a9975b38e81c41534f6590c24867c	0	28	1	3436.896500	34.740750	27792	TRUE	3436.930250	27765	34.707000	12804	12.815843	3.138607	73.562950	9.725871	73.562950	9.725871
subset.fast5	74f32988-9898-41e5-8e9e-939e23d7bb77	6a94eb36563a9975b38e81c41534f6590c24867c	0	49	1	20033.807750	20.785500	16628	TRUE	20033.837750	16604	20.755500	9081	13.389606	3.342880	68.611595	9.195369	68.611595	9.195369
subset.fast5	74fa1fad-c8e8-4c82-9b59-cf9ce81674c5	6a94eb36563a9975b38e81c41534f6590c24867c	0	27	1	2402.851000	39.298500	31438	TRUE	2402.924750	31379	39.224750	12896	14.608351	3.066414	78.160637	9.195369	78.160637	9.195369
subset.fast5	77ca2cdb-6f6f-4f5b-ab52-79046239f4c3	6a94eb36563a9975b38e81c41534f6590c24867c	0	34	1	5096.146250	25.182500	20146	TRUE	5096.170000	20127	25.158750	9896	13.633025	3.246411	71.264107	9.018535	71.264107	9.018535
subset.fast5	7b7d5793-bb0c-49e4-b1fb-98519f828fd0	6a94eb36563a9975b38e81c41534f6590c24867c	0	66	1	14328.567250	26.029500	20823	TRUE	14328.593500	20802	26.003250	11858	11.978149	3.341871	76.038628	9.195369	76.038628	9.195369
subset.fast5	7f78f0d2-b1bd-417f-b02b-bf2470e19db7	6a94eb36563a9975b38e81c41534f6590c24867c	0	62	1	36244.415250	25.611500	20489	TRUE	36244.484000	20434	25.542750	8821	10.806424	3.019549	70.203102	9.018535	70.203102	9.018535
subset.fast5	86220e5b-7b38-489f-8c45-b929f3bd3f70	6a94eb36563a9975b38e81c41534f6590c24867c	0	54	1	41635.681250	33.186750	26549	TRUE	41635.726250	26513	33.141750	8859	12.741276	2.850271	72.325111	9.549037	72.325111	9.549037
subset.fast5	8a39d1c7-832c-4222-8d41-0837d8f885f9	6a94eb36563a9975b38e81c41534f6590c24867c	0	29	1	65457.605000	41.346750	33077	TRUE	65457.631250	33056	41.320500	12893	13.938974	2.998298	69.672600	9.018535	69.672600	9.018535
subset.fast5	7e3f5f96-80bd-407a-b051-47d2d014e806	6a94eb36563a9975b38e81c41534f6590c24867c	0	17	1	14964.219750	21.479000	17183	TRUE	14964.237250	17169	21.461500	8443	12.462764	3.214556	73.032448	9.195369	73.032448	9.195369
subset.fast5	8873bca7-8695-4028-ad5d-549385e86256	6a94eb36563a9975b38e81c41534f6590c24867c	0	35	1	58588.835500	31.002250	24801	TRUE	58588.860500	24781	30.977250	11002	14.793786	3.152498	75.154457	9.725871	75.154457	9.725871
subset.fast5	8cd34d4e-2418-4421-ae9d-c6092ea892f7	6a94eb36563a9975b38e81c41534f6590c24867c	0	33	1	9634.018000	32.926000	26340	TRUE	9634.071750	26297	32.872250	12847	11.738888	3.173188	69.318932	9.018535	69.318932	9.018535
subset.fast5	960e289e-12ba-42ea-b537-e55702781da3	6a94eb36563a9975b38e81c41534f6590c24867c	0	32	1	4410.930250	29.005250	23204	TRUE	4410.960250	23180	28.975250	11948	12.113592	3.246328	72.501945	9.549037	72.501945	9.549037
subset.fast5	9842ec51-e0f3-4d06-80fc-9a949ac8b684	6a94eb36563a9975b38e81c41534f6590c24867c	0	40	1	28269.208000	30.692000	24553	TRUE	28269.251750	24518	30.648250	11959	11.975231	3.219347	75.861794	9.372203	75.861794	9.372203
subset.fast5	9ada4ab4-59de-4e21-8600-d9c418e6e295	6a94eb36563a9975b38e81c41534f6590c24867c	0	99	1	45616.928750	50.249250	40199	TRUE	45616.973750	40163	50.204250	12740	12.280317	2.801131	70.733604	9.018535	70.733604	9.018535
subset.fast5	9f7853cc-932b-4c38-bd09-4161b561a793	6a94eb36563a9975b38e81c41534f6590c24867c	0	23	1	20765.947000	59.490750	47592	TRUE	20766.012000	47540	59.425750	12850	12.567261	2.703630	67.020096	8.841701	67.020096	8.841701
subset.fast5	a6048f17-f235-474b-b603-7d407b4c13df	6a94eb36563a9975b38e81c41534f6590c24867c	0	28	1	85542.594750	41.626250	33301	TRUE	85542.618500	33282	41.602500	12852	11.544403	2.940407	69.318932	9.195369	69.318932	9.195369
subset.fast5	bd59610d-80e6-4c2c-adac-204a4e5d2dd8	6a94eb36563a9975b38e81c41534f6590c24867c	0	111	1	12106.613250	21.718250	17374	TRUE	12106.655750	17340	21.675750	9453	14.026648	3.340983	68.965263	8.664866	68.965263	8.664866
subset.fast5	be8295f9-0eaf-4203-a906-5018d4d829c4	6a94eb36563a9975b38e81c41534f6590c24867c	0	31	1	140.515250	29.262250	23409	TRUE	140.535250	23393	29.242250	8447	12.933152	2.947727	82.581490	10.786875	82.581490	10.786875
subset.fast5	a12bdba2-283e-4e20-848b-e9c69de9f3d4	6a94eb36563a9975b38e81c41534f6590c24867c	0	95	1	9495.643500	30.176750	24141	TRUE	9495.693500	24101	30.126750	11794	12.814583	3.212946	68.257927	9.372203	68.257927	9.372203
subset.fast5	a479c457-d155-443b-ae65-83ef270b75f8	6a94eb36563a9975b38e81c41534f6590c24867c	0	89	1	4255.000000	39.142250	31313	TRUE	4255.026250	31292	39.116000	12944	15.453017	3.077677	68.611595	9.372203	68.611595	9.372203
subset.fast5	ac9d9a6c-85af-434d-b191-50a6bb85e69d	6a94eb36563a9975b38e81c41534f6590c24867c	0	55	1	8353.635000	33.740250	26992	TRUE	8353.660000	26972	33.715250	12954	12.584984	3.194897	71.264107	9.372203	71.264107	9.372203
subset.fast5	b0c29316-f701-4bc8-a1ba-b3719db62a51	6a94eb36563a9975b38e81c41534f6590c24867c	0	49	1	34047.004750	29.314750	23451	TRUE	34047.049750	23415	29.269750	12075	13.805154	3.294143	67.727432	9.018535	67.727432	9.018535
subset.fast5	b4efaf61-cc06-4210-8577-7a47e5bffeea	6a94eb36563a9975b38e81c41534f6590c24867c	0	115	1	601.481500	29.331500	23465	TRUE	601.490250	23458	29.322750	11220	11.469684	3.177884	85.057159	10.433207	85.057159	10.433207
subset.fast5	bd5f7649-60a6-4a47-ba55-682b1fef4f17	6a94eb36563a9975b38e81c41534f6590c24867c	0	9	1	3437.020500	31.758250	25406	TRUE	3437.044250	25387	31.734500	12876	12.997604	3.262098	72.148277	9.372203	72.148277	9.372203
subset.fast5	c6326782-1b1a-4e35-af67-ea8072a58d07	6a94eb36563a9975b38e81c41534f6590c24867c	0	28	1	18549.375750	23.722250	18977	TRUE	18549.409500	18950	23.688500	9972	11.567122	3.222039	71.971443	9.372203	71.971443	9.372203
subset.fast5	c790341e-de84-40a9-88bb-5c66fca57824	6a94eb36563a9975b38e81c41534f6590c24867c	0	62	1	11659.377000	33.926500	27141	TRUE	11659.430750	27098	33.872750	12612	11.950064	3.140507	69.142097	9.018535	69.142097	9.018535
subset.fast5	d17c1abc-26e2-487a-9d54-2ebefe764325	6a94eb36563a9975b38e81c41534f6590c24867c	0	67	1	1247.667000	32.342750	25874	TRUE	1247.715750	25835	32.294000	12862	12.937472	3.231542	76.745964	9.195369	76.745964	9.195369
subset.fast5	d1bb4301-483d-4c65-a0e0-a0e0e57ecff3	6a94eb36563a9975b38e81c41534f6590c24867c	0	36	1	47467.889000	28.930750	23144	TRUE	47467.927750	23113	28.892000	8481	14.419948	2.967691	70.910439	9.725871	70.910439	9.725871
subset.fast5	f3f8a83e-8656-4970-bedb-bb31bd6d33b5	6a94eb36563a9975b38e81c41534f6590c24867c	0	26	1	23174.715000	26.504500	21203	TRUE	23174.741250	21182	26.478250	9467	10.597358	3.072305	77.630135	9.372203	77.630135	9.372203
subset.fast5	f6ac079d-0957-4403-a8d2-f57dd378e0d9	6a94eb36563a9975b38e81c41534f6590c24867c	0	18	1	3680.885250	30.947000	24757	TRUE	3680.941500	24712	30.890750	12843	12.956624	3.287548	74.270287	9.372203	74.270287	9.372203
subset.fast5	fb648b5c-5d80-4717-b327-5c549cfe4d1e	6a94eb36563a9975b38e81c41534f6590c24867c	0	82	1	71129.606000	52.726750	42181	TRUE	71129.644750	42150	52.688000	12690	13.156587	2.743041	70.733604	9.018535	70.733604	9.018535
subset.fast5	e9abf781-e94d-482a-9fc3-c84ef9a79ea3	6a94eb36563a9975b38e81c41534f6590c24867c	0	31	1	3602.572000	37.840750	30272	TRUE	3602.572000	30272	37.840750	11314	11.125484	2.923514	74.977623	9.902705	74.977623	9.902705
subset.fast5	ee5db57a-8142-4d87-817d-cacd9bb221e2	6a94eb36563a9975b38e81c41534f6590c24867c	0	112	1	17991.741000	22.742750	18194	TRUE	17991.776000	18166	22.707750	8950	12.576590	3.160140	69.672600	9.018535	69.672600	9.018535
subset.fast5	e347ce38-d8d6-46db-92d6-091eb63c7673	6a94eb36563a9975b38e81c41534f6590c24867c	0	76	1	74829.475000	38.237000	30589	TRUE	74829.496250	30572	38.215750	12583	10.248567	2.942765	64.544418	8.311199	64.544418	8.311199
subset.fast5	e6d10b03-74fa-4c74-8d1f-5578573be31c	6a94eb36563a9975b38e81c41534f6590c24867c	0	71	1	687.581500	26.983250	21586	TRUE	687.594000	21576	26.970750	10916	10.295390	3.140737	77.099632	9.725871	77.099632	9.725871
subset.fast5	f9284be9-f149-4cc5-a702-477f568cfea6	6a94eb36563a9975b38e81c41534f6590c24867c	0	111	1	62644.166000	28.106000	22484	TRUE	62644.168500	22482	28.103500	9774	13.771561	3.093970	68.965263	9.372203	68.965263	9.372203
subset.fast5	fdac3304-32ed-4284-bc33-ff1e54fbd29b	6a94eb36563a9975b38e81c41534f6590c24867c	0	82	1	83037.960750	42.139000	33711	TRUE	83038.024500	33660	42.075250	12168	13.142986	2.903248	69.142097	9.549037	69.142097	9.549037
subset.fast5	ff08cbab-fb2b-41c5-a5f4-10f631a76e94	6a94eb36563a9975b38e81c41534f6590c24867c	0	49	1	1364.581250	28.788750	23031	TRUE	1364.593750	23021	28.776250	12945	13.949854	3.395573	73.209282	9.372203	73.209282	9.372203
