1015
27340
47504
52535
32751
12298
10953
71720
14080
64073
48140
18110
104991
11427
14723
32515
45161
21232
52925
8454
24595
12260
8381
50473
68122
37120
31485
45605
21915
47327
20737
11908
16542
57822
61463
10808
10878
29435
66801
31815
47549
48139
16337
36412
49172
12251
35175
59946
12301
26722
43796
52963
62988
31367
40729
66810
47443
87360
14129
36325
73501
36939
12253
70219
60415
20960
52961
26678
26646
81070
22945
39196
75127
51692
65974
12259
11181
27052
49792
80925
110060
14873
14436
48138
8449
63890
35617
42230
1864
83467
40342
1654
11916
52213
30313
107177
