     97    6860
    102    7237
    101    7127
     79    5583
    121    8553
    106    7478
     81    5688
    164   11585
    155   10956
    129    9119
    133    9421
     80    5640
    158   11180
    138    9743
    116    8206
     98    6939
    109    7688
    108    7602
     84    5903
     93    6600
     87    6121
    153   10862
    106    7525
     79    5549
    138    9785
    112    7891
    115    8100
     47    3314
    152   10785
    134    9509
    138    9765
    107    7531
     73    5178
    106    7514
     64    4529
    117    8270
    128    9029
    166   11752
    101    7102
     62    4352
    116    8229
    131    9279
    106    7503
     68    4799
     79    5575
    127    9017
    158   11166
    166   11721
    101    7107
     92    6471
    104    7317
    146   10329
    132    9306
    105    7410
     90    6346
    140    9932
     77    5419
    240   16973
    156   11063
    106    7505
    138    9734
    148   10445
     60    4240
     87    6163
    116    8210
    114    8026
    213   15086
     81    5734
    104    7354
    120    8489
    117    8259
    134    9455
    122    8659
    155   10947
    106    7491
     84    5906
     95    6714
     92    6532
    180   12778
    206   14595
    160   11298
     89    6298
     77    5398
    132    9361
    133    9422
     72    5064
    101    7160
    122    8606
    102    7187
     72    5092
     71    4985
     40    2830
     99    7018
    114    8051
    150   10592
     92    6478
